1244314,0
927059-2,1
1272869A2,0
1285014A1,1
1273478,0
1248607-2,0
1248607-3,0
1137858-1,1
927060,1
1137858-2,1
927059,1
1252819-2,0
1280466A1,1
1272594,1
1251588-2,0
1269905,1
1281743A1,1
1271287,1
1271627A1,1
1272566,1
1243009-3,1
1272385A2,1
1247375-2,0
1247375-1,0
1243967-1,0
1249125-2,1
1285256,1
1272249,1
1245557,0
1271916,1
1285583-1,1
1285583-2,1
1272873A1,1
1281745,1
1272393,1
1275433,0
1272588,1
1248631-1,0
1249138-1,0
1281743A2,1
1270922,1
1292339-1,1
1244305-2,0
1244305-1,0
1274085A2,0
1274085A1,0
1248315-3,0
1242680-1,0
1270231,1
1271886,1
1273475A2,0
1253633-1,1
1272904,1
1285012,1
1278660,1
1277352,1
1275391A1,0
1247362,0
1285590-1,1
1278611,1
1310826-1,1
1269904,1
1271903,1
1270271,1
1273215A2,1
1273215A1,1
1269593,1
1269591,1
1284670,1
1242107,0
1271597A1,1
1238397,0
1274143,1
1270903,1
1272222,1
1238060,0
1238391,0
1273968,1
1274453,1
1283139,1
1242699-1,0
1268676,1
1273964,1
1272598,1
1279597,1
1081342,1
1272871,1
1247077-1,0
1272172A2,1
1271926A1,1
1271926A2,1
1272895,1
1243009-1,0
1272879,0
1273475A1,0
1243009-2,0
1277968,1
1270948,1
1274390A1,1
1300175-1,1
1282806A1,1
1282806A2,1
1269580,1
1244881-2,0
1269583,1
1238062-2,0
1310821-1,1
1238062-1,0
1274138A1,1
1240889-1,0
1240889-2,0
1292335-1,1
1268669,1
1246121,1
1276321,1
1310821-2,1
1270606,1
1269957,1
1252535-1,0
1262295-1,1
1277339,0
1278283,0
1292335-2,1
1275391A2,0
1271620,1
1210100,1
1274389,1
1310826-2,1
1137863-2,1
1137863-1,1
1282801A1,0
1268681,1
1302108-1,1
1273214A3,1
1273214A1,1
1238066-2,0
1284988,1
1243962-2,0
1273177,1
1273169,1
1276032,1
1284322A1,1
1239651-1,0
1268398A2,1
1268398A1,1
1275046,1
1239641,0
1243337,0
1270235,1
1251892,0
1251897,1
1272232A1,1
1275115,1
1249126,0
1272578,1
1241508-2,0
1241508-1,0
1274393A2,1
1240554-2,0
1240554-1,0
1284999,1
1238071-2,0
1240517-1,0
1240517-2,0
1238071-1,0
1283681A1,1
1273782,0
1285589A2,0
1270605,1
1238683,1
1285000,1
1277317,0
1274144A1,1
1274111,1
1272905,1
1270273,0
1273210A2,1
1272902,1
1278638,1
1273205,1
1274106A1,1
1280478,1
1269582,1
1238415-1,0
1302335-1,1
1239313-2,0
1239313-3,0
1239313-1,0
1272197A2,1
1283121-1,1
1269256,1
1272576,1
1246114-1,0
1270241,0
1242410-1,0
1242410-2,0
1250734-2,0
1250734-1,0
1271593,1
1274108,0
1246114-2,0
1271245,1
1241527,0
1270595,1
1251300,1
1253409,0
1274389A1,0
1273194,1
1276373-1,1
1274391,1
1271623,1
1244329-1,0
1248315-1,0
1248315-2,0
1244329-2,0
1271628,1
1274393A3,0
1269299,1
1054084-2,1
1054084-1,1
1239323-3,0
1274144A2,1
1273172L1,1
1272555A2,1
1284322A2,1
1268394,0
1270254,1
1272885,1
1272887,0
1273175,1
1272880,0
1274390A2,1
1270964,0
1272232A3,0
1272232A2,0
1248669-1,1
1248669-2,1
1249509,0
1245814,0
1275740,1
1275716,1
1249125-1,1
1271882,1
1302108-2,1
1250077-2,0
1271617,0
1271616,0
1283399A1,0
1283399A2,0
1269609,1
